-52
51
-39
28
00000000000000000000000000000000000000000000000000000000000000000000000000000000000000000000000000000000
00000000000000000000000000000000000000000000000000000000000000000000000000000000000000000000000000000000
00000000000000000000000000000000000000000000000000000000000000000000000000000000000000000000000000000000
00000000000000000000000000000000000000000000000000000000000000000000000000000000000000000000000000000000
00000000000000000000000000000000000000000000000000000000000000000000000000000000000000000000000000000000
00000000000000000000000000000000000000000000000000000000000000000000000000000000000000000000000000000000
00000000000000000000000000000000000000000000000000000000000000000000000000000000000000000000000000000000
00000000000000000000000000000000000000000000000000000000000000000000000000000000000000000000000000000000
00000000000000000000000000000000000000000000000000000000000000000000000000000000000000000000000000000000
00000000000000000000000000000000000000000000000000000000000000000000000000000000000000000000000000000000
00000000000000000000000000000000000000000000000000000000000000000000000000000000000000000000000000000000
00000000000000000000000000000000000000000000000000000000000000000000000000000000000000000000000000000000
00000000000000000000000000000000000001111111111111111111111111111111111000000000000000000000000000000000
00000000000000000000000000011111111111111111111111111111111111111111111111111110000000000000000000000000
00000000000000000000000000011111111111111111111111111111111111111111111111111110000000000000000000000000
00000000000000000000000000111111111111111111111111111111111111111111111111111110000000000000000000000000
00000000000000000000000000111111111111111111111111111111111111111111111111111110000000000000000000000000
00000000000000000000000000111111111111111111111111111111111111111111111111111110000000000000000000000000
00000000000000000000000000111111111111111111111111111111111111111111111111111110000000000000000000000000
00000000000000000000000000111111111111110000000000000000000000000111111111111110000000000000000000000000
00000000000000000000000000111111111111110000000000000000000000000111111111111110000000000000000000000000
00000000000000000000000001111111111111110000110000000000000000000111111111111110000000000000000000000000
00000000000000000000000001111111111111110000110000000011000000000111111111111111000000000000000000000000
00000000000000000000000001111111111111110000000000000011000000000111111111111111000000000000000000000000
00000000000000000000000001111111111111110000000000000000000000000111111111111111000000000000000000000000
00000000000000000000000001111111111111110000000000000000000000000111111111111111000000000000000000000000
00000000000000000000000001111111111111110000000000000000000011000111111111111111000000000000000000000000
00000000000000000000000001111111111111110000000000000000000011000111111111111111000000000000000000000000
00000000000000000000000001111111111111110110000000000000000000000111111111111111000000000000000000000000
00000000000000000000000001111111111111110110000000000000000000000111111111111111000000000000000000000000
00000000000000000000000001111111111111110000000000000000000000000111111111111111000000000000000000000000
00000000000000000000000001111111111111110000000000000000000000000111111111111111000000000000000000000000
00000000000000000000000001111111111111110000000000000000000000000111111111111111000000000000000000000000
00000000000000000000000001111111111111110000000000000000000000000111111111111111000000000000000000000000
00000000000000000000000001111111111111110000000000000000000000000111111111111111000000000000000000000000
00000000000000000000000011111111111111110000000000000000000000000111111111111111000000000000000000000000
00000000000000000000000011111111111111110001100000000000000011000111111111111111000000000000000000000000
00000000000000000000000011111111111111110001100000000000000011000111111111111111000000000000000000000000
00000000000000000000000011111111111111110000000000000000000000000111111111111111000000000000000000000000
00000000000000000000000011111111111111110000000000000000000000000111111111111111000000000000000000000000
00000000000000000000000011111111111111111111111111111111111111111111111111111111000000000000000000000000
00000000000000000000000011111111111111111111111111111111111111111111111111111111000000000000000000000000
00000000000000000000000011111111111111111111111111111111111111111111111111111111000000000000000000000000
00000000000000000000000011111111111111111111111111111111111111111111111111111110000000000000000000000000
00000000000000000000000001111111111111111111111111111111111111111111111111111100000000000000000000000000
00000000000000000000000001111111111111111111111111111111111111111111111111111000000000000000000000000000
00000000000000000000000000001111111111111111111111111111111111111111111111110000000000000000000000000000
00000000000000000000000000000000001111111111111111111111100000000000000000000000000000000000000000000000
00000000000000000000000000000000000000000000000000000000000000000000000000000000000000000000000000000000
00000000000000000000000000000000000000000000000000000000000000000000000000000000000000000000000000000000
00000000000000000000000000000000000000000000000000000000000000000000000000000000000000000000000000000000
00000000000000000000000000000000000000000000000000000000000000000000000000000000000000000000000000000000
00000000000000000000000000000000000000000000000000000000000000000000000000000000000000000000000000000000
00000000000000000000000000000000000000000000000000000000000000000000000000000000000000000000000000000000
00000000000000000000000000000000000000000000000000000000000000000000000000000000000000000000000000000000
00000000000000000000000000000000000000000000000000000000000000000000000000000000000000000000000000000000
00000000000000000000000000000000000000000000000000000000000000000000000000000000000000000000000000000000
00000000000000000000000000000000000000000000000000000000000000000000000000000000000000000000000000000000
00000000000000000000000000000000000000000000000000000000000000000000000000000000000000000000000000000000
00000000000000000000000000000000000000000000000000000000000000000000000000000000000000000000000000000000
00000000000000000000000000000000000000000000000000000000000000000000000000000000000000000000000000000000
00000000000000000000000000000000000000000000000000000000000000000000000000000000000000000000000000000000
00000000000000000000000000000000000000000000000000000000000000000000000000000000000000000000000000000000
00000000000000000000000000000000000000000000000000000000000000000000000000000000000000000000000000000000
00000000000000000000000000000000000000000000000000000000000000000000000000000000000000000000000000000000
00000000000000000000000000000000000000000000000000000000000000000000000000000000000000000000000000000000
00000000000000000000000000000000000000000000000000000000000000000000000000000000000000000000000000000000
00000000000000000000000000000000000000000000000000000000000000000000000000000000000000000000000000000000
